1730
8606
10060
12869
12881
12908
12921
12931
12934
13108
13157
13169
13330
13354
13476
13500
13544
13548
13591
13599
13724
13781
13801
13903
13911
13934
14057
14086
14098
14113
14128
14553
15583
15625
15648
15680
16444
17435
18363
19022
19271
19345
21024
22259
22260
22658
23331
23393
24407
24529
25586
25714
26044
26208
26209
26211
26440
27305
27449
27557
27627
27642
27874
28144
28445
28675
28935
29318
30208
30214
30346
35952
40002
41180
41699
42110
42146
44380
44380
48793
48952
50046
50046
51309
51406
51707
52352
52475
52519
52830
53010
53167
53181
53181
53252
53265
53291
53489
53629
53795
53873
55356
55529
55592
56398
56421
56424
56425
57307
57310
57455
57898
58576
59102
59521
59795
60992
62118
62125
62191
62230
62797
63303
63308
64103
64116
64151
64644
64815
65004
65233
65260
65266
65285
65342
65514
65661
66073
66269
66271
66283
66283
66284
66286
66318
66701
68247
173334
173743
174243
174263
175727
177645
178006
186994
186997
187009
187028
187046
187047
187051
187053
187054
187055
187056
187056
187057
190014
202440
204246
207758
360954
361037
361085
361181
362091
362092
362113
362174
362454
362479
362495
362607
362780
362899
362899
362901
362904
362914
362926
363315
363529
363580
363617
363617
363617
363712
363822
363853
363882
363944
364010
364054
364077
364092
364208
364307
364311
364327
364402
364649
364649
364655
364769
364801
364945
365127
365187
365342
366800
366803
367470
369647
369665
369847
369858
369980
370072
370231
370267
370271
370342
370415
370610
371364
371556
371732
372092
372135
372194
372571
373570
373579
373990
373991
374125
375496
375499
375555
376018
376037
376111
377139
377483
377620
377621
377626
377809
377864
377869
377937
377960
378021
378418
379088
379635
379653
379654
379670
379684
380079
380082
380352
380589
380730
381032
381034
381097
381125
381176
381177
381180
381195
381201
381213
381221
381226
381227
381253
381255
381345
381356
381397
381414
381678
381845
382432
382500
382535
382601
382608
382698
382704
382788
382800
382878
382908
382932
382972
382975
383059
383060
383074
383077
383079
383091
383092
383113
383117
383143
383219
383253
383277
383302
383302
383314
383336
383431
383452
383465
383465
383478
383531
383538
383540
383540
383541
383555
383566
383647
383661
383703
383707
383725
383737
383741
383789
383804
383838
383891
383909
383926
383964
384032
384076
384121
384144
384165
384276
384324
384327
384346
384381
384383
384384
384411
384453
384476
384503
384598
384603
384630
384682
384709
384718
384800
384827
384933
385010
385011
385027
385050
385055
385164
385167
385169
385171
385172
385173
385176
385181
385182
385196
385296
385334
385373
385380
385380
385388
385388
385452
385476
385484
385484
385517
385522
385523
385535
385584
385592
385724
385921
386143
386202
386213
386218
386231
386239
386251
386258
386305
386318
386424
386470
386516
386550
386574
386578
386618
386841
386928
386984
387010
387150
387155
387251
387732
388062
393568
407978
416116
416993
428150
431672
441085
